
$orca_hessian_file

$act_atom
  0

$act_coord
  0

$act_energy
        0.000000

$multiplicity
  1

$hessian
9
                    0                  1                  2                  3                  4        
    0      2.0136387621E-01  -2.1982432307E-01  -5.9836967100E-02  -1.1796403611E-01   1.6880944889E-01
    1     -2.1982432307E-01   3.0252825470E-01  -1.2684975484E-01   1.8112821096E-01  -2.6733945667E-01
    2     -5.9836967100E-02  -1.2684975484E-01   6.0756054390E-01  -1.2570294215E-01   2.0500706127E-01
    3     -1.1796403611E-01   1.8112821096E-01  -1.2570294215E-01   1.1325892631E-01  -1.7068755394E-01
    4      1.6880944889E-01  -2.6733945667E-01   2.0500706127E-01  -1.7068755394E-01   2.6664883123E-01
    5     -8.7775383868E-02   1.5984215479E-01  -1.7044507083E-01   1.1073270942E-01  -1.9592823806E-01
    6     -8.3399840094E-02   3.8690116172E-02   1.8553003587E-01   4.7051098040E-03   1.8864986430E-03
    7      5.1020870108E-02  -3.5188798028E-02  -7.8117589481E-02  -1.0449050626E-02   6.9062544112E-04
    8      1.4762222435E-01  -3.3032116899E-02  -4.3711547307E-01   1.4957816130E-02  -9.0494618258E-03
                    5                  6                  7                  8        
     0     -8.7775383868E-02  -8.3399840094E-02   5.1020870108E-02   1.4762222435E-01
     1      1.5984215479E-01   3.8690116172E-02  -3.5188798028E-02  -3.3032116899E-02
     2     -1.7044507083E-01   1.8553003587E-01  -7.8117589481E-02  -4.3711547307E-01
     3      1.1073270942E-01   4.7051098040E-03  -1.0449050626E-02   1.4957816130E-02
     4     -1.9592823806E-01   1.8864986430E-03   6.9062544112E-04  -9.0494618258E-03
     5      1.9735456324E-01  -2.2944908946E-02   3.6056721882E-02  -2.6909492409E-02
     6     -2.2944908946E-02   7.8694730290E-02  -4.0574217149E-02  -1.6258258370E-01
     7      3.6056721882E-02  -4.0574217149E-02   3.4498172586E-02   4.2071223162E-02
     8     -2.6909492409E-02  -1.6258258370E-01   4.2071223162E-02   4.6402496548E-01

$vibrational_frequencies
9
    0        0.0000000000000000
    1        0.0000000000000000
    2        0.0000000000000000
    3        0.0000000000000000
    4        0.0000000000000000
    5        0.0000000000000000
    6     1637.7807598823210355
    7     3787.7411434203386307
    8     3882.4163409377033531

$normal_modes
9 9
                    0                  1                  2                  3                  4        
    0      0.0000000000E+00   0.0000000000E+00   0.0000000000E+00   0.0000000000E+00   0.0000000000E+00
    1      0.0000000000E+00   0.0000000000E+00   0.0000000000E+00   0.0000000000E+00   0.0000000000E+00
    2      0.0000000000E+00   0.0000000000E+00   0.0000000000E+00   0.0000000000E+00   0.0000000000E+00
    3      0.0000000000E+00   0.0000000000E+00   0.0000000000E+00   0.0000000000E+00   0.0000000000E+00
    4      0.0000000000E+00   0.0000000000E+00   0.0000000000E+00   0.0000000000E+00   0.0000000000E+00
    5      0.0000000000E+00   0.0000000000E+00   0.0000000000E+00   0.0000000000E+00   0.0000000000E+00
    6      0.0000000000E+00   0.0000000000E+00   0.0000000000E+00   0.0000000000E+00   0.0000000000E+00
    7      0.0000000000E+00   0.0000000000E+00   0.0000000000E+00   0.0000000000E+00   0.0000000000E+00
    8      0.0000000000E+00   0.0000000000E+00   0.0000000000E+00   0.0000000000E+00   0.0000000000E+00
                    5                  6                  7                  8        
     0      0.0000000000E+00  -4.6367122485E-02   3.3329181910E-02  -3.9883967716E-03
     1      0.0000000000E+00   4.7954240507E-02  -3.4454476581E-02   2.5761915078E-02
     2      0.0000000000E+00   2.1964381005E-02  -1.5835946921E-02  -6.4535817897E-02
     3      0.0000000000E+00   3.4336401417E-01  -2.9734620587E-01   3.2133623028E-01
     4      0.0000000000E+00  -2.2071680448E-01   4.8818708357E-01  -5.0419269723E-01
     5      0.0000000000E+00  -5.7525991544E-01  -4.1377678030E-01   3.7537962820E-01
     6      0.0000000000E+00   3.9257605789E-01  -2.3165536295E-01  -2.5803230176E-01
     7      0.0000000000E+00  -5.4041404261E-01   5.8675189067E-02   9.5298967738E-02
     8      0.0000000000E+00   2.2664073717E-01   6.6512530688E-01   6.4893441003E-01

#
# The atoms: label  mass x y z (in bohrs)
#
$atoms
3
 O     15.99900      0.083965227852    -0.086842245898    -0.039765800679
 H      1.00800     -0.747709253220     1.218116005328    -1.011372969088
 H      1.00800     -0.584988842426     0.160246189231     1.642536704272

$actual_temperature
  0.000000

$frequency_scale_factor
  1.000000

$dipole_derivatives
9
   -5.2664304922E-01   -1.7758019753E-01   -6.4629928695E-02
   -1.7761470741E-01   -4.7938328893E-01   -1.0397261147E-02
   -6.4595138488E-02   -1.0380321205E-02   -4.2622974811E-01
    2.5698922286E-01    1.1707663783E-01   -3.1703923209E-02
    1.0760463303E-01    1.9780235457E-01    6.5627268772E-02
   -2.6155865191E-03    3.0801881914E-02    2.6130834492E-01
    2.6971016171E-01    6.0474675782E-02    9.6381874129E-02
    7.0013633564E-02    2.8165067279E-01   -5.5190211643E-02
    6.7202787443E-02   -2.0477481360E-02    1.6487828324E-01

#
# The IR spectrum
#  wavenumber eps Int TX TY TZ
#
$ir_spectrum
9
      0.00   0.00000000   0.00000000     0.000000     0.000000     0.000000
      0.00   0.00000000   0.00000000     0.000000     0.000000     0.000000
      0.00   0.00000000   0.00000000     0.000000     0.000000     0.000000
      0.00   0.00000000   0.00000000     0.000000     0.000000     0.000000
      0.00   0.00000000   0.00000000     0.000000     0.000000     0.000000
      0.00   0.00000000   0.00000000     0.000000     0.000000     0.000000
   1637.78   0.01096135  55.39418037     0.030183    -0.031199    -0.014289
   3787.74   0.00093451   4.72260752    -0.005779     0.005998     0.002760
   3882.42   0.00526139  26.58893379     0.001165    -0.007615     0.019067


$end

