
$orca_hessian_file

$act_atom
  0

$act_coord
  0

$act_energy
        0.000000

$multiplicity
  1

$hessian
18
                    0                  1                  2                  3                  4        
    0      4.6942140491E-01   1.4110883380E-01   2.5269827916E-01  -1.7589105790E-01  -2.4272890365E-01
    1      1.4110883380E-01   4.3667471745E-01  -7.9299742696E-02  -1.9940293816E-01  -3.6394217882E-01
    2      2.5269827916E-01  -7.9299742696E-02   2.2767826163E-01  -3.2226705646E-02  -1.4093843908E-02
    3     -1.7589105790E-01  -1.9940293816E-01  -3.2226705646E-02   1.9530970555E-01   2.3247111101E-01
    4     -2.4272890365E-01  -3.6394217882E-01  -1.4093843908E-02   2.3247111101E-01   3.6109446711E-01
    5     -1.2467943353E-02   1.8757724321E-02  -1.7654957636E-02   3.2366853204E-02   8.5271252288E-03
    6     -2.8671878143E-01   5.5604723517E-02  -2.2360424408E-01  -2.1052628053E-02   1.1224681930E-02
    7      1.0050810369E-01  -6.8958945599E-02   9.5958908346E-02  -3.4116604018E-02   4.8238375946E-03
    8     -2.4478970624E-01   6.6031653436E-02  -2.0197641507E-01   7.9603346307E-05   5.9936262282E-03
    9     -7.9278595581E-04   5.2520707033E-03   6.4165557266E-03  -1.8004373392E-03   3.4305189511E-04
   10      6.2979565515E-03  -1.4442112343E-03  -6.8421788146E-03  -8.2401496048E-04   1.5145658783E-03
   11      5.4559984821E-03  -4.7550100751E-03  -1.7013509361E-03   1.1822470100E-04   9.5188579108E-04
   12     -5.1247934116E-03  -2.3678360633E-03  -4.0980904929E-03   3.3185539630E-03  -1.2508614817E-03
   13     -4.9485109534E-03  -2.6104579281E-03   4.7199767409E-03   1.8337494744E-03  -3.4661484356E-03
   14     -1.7370194075E-03  -4.3490994684E-04  -4.4397731797E-03  -3.1965974335E-04  -1.5157869450E-03
   15     -8.9398620267E-04  -2.3176446869E-04   8.4589348846E-04   1.1586378326E-04  -5.9167775410E-05
   16     -2.0056877147E-04   2.8107612572E-04  -4.0954046472E-04   3.8784726277E-05  -2.4543327149E-05
   17      8.0870321016E-04  -3.3329424240E-04  -1.9057648101E-03  -4.9414341488E-06   1.5004977344E-04
                    5                  6                  7                  8                  9        
    0     -1.2467943353E-02  -2.8671878143E-01   1.0050810369E-01  -2.4478970624E-01  -7.9278595581E-04
    1      1.8757724321E-02   5.5604723517E-02  -6.8958945599E-02   6.6031653436E-02   5.2520707033E-03
    2     -1.7654957636E-02  -2.2360424408E-01   9.5958908346E-02  -2.0197641507E-01   6.4165557266E-03
    3      3.2366853204E-02  -2.1052628053E-02  -3.4116604018E-02   7.9603346307E-05  -1.8004373392E-03
    4      8.5271252288E-03   1.1224681930E-02   4.8238375946E-03   5.9936262282E-03   3.4305189511E-04
    5      2.1240573385E-02  -1.9246640176E-02  -2.5502183020E-02  -3.0344421457E-03   7.3015905902E-05
    6     -1.9246640176E-02   3.0972864133E-01  -6.7842233289E-02   2.4336355278E-01   1.3425280081E-03
    7     -2.5502183020E-02  -6.7842233289E-02   6.4269788646E-02  -7.1948594066E-02  -1.6016291348E-03
    8     -3.0344421457E-03   2.4336355278E-01  -7.1948594066E-02   2.0380821229E-01  -8.5046109811E-04
    9      7.3015905902E-05   1.3425280081E-03  -1.6016291348E-03  -8.5046109811E-04   1.9432416065E-01
   10      1.5757834995E-03  -1.2871455831E-03  -2.4991029542E-04   1.8787803090E-04  -2.2154921608E-01
   11     -4.0483214734E-05  -1.3325686390E-04  -8.6958908811E-04  -1.4318381086E-03  -1.7405285391E-01
   12     -8.3724138967E-04  -3.6050130257E-03   2.9959287531E-03   2.3489888522E-03  -1.4306747750E-01
   13     -3.5862853981E-03   2.2371004232E-03   1.0546069022E-04  -3.3176708585E-04   7.3631244296E-02
   14     -7.7586185071E-04  -2.7326539425E-04   2.2266578222E-03   2.5899003386E-03   2.0437391142E-01
   15      9.8581379888E-05   3.0525317057E-04   9.3804920485E-05  -1.7037417796E-04  -5.0005987858E-02
   16      2.1477920011E-04   2.5502076264E-05   9.7689631062E-06   4.7352739469E-05   1.4392120795E-01
   17      2.6517146310E-04  -8.7749714422E-05   1.5465072202E-04   4.4582697896E-05  -3.5961349816E-02
                   10                 11                 12                 13                 14        
    0      6.2979565515E-03   5.4559984821E-03  -5.1247934116E-03  -4.9485109534E-03  -1.7370194075E-03
    1     -1.4442112343E-03  -4.7550100751E-03  -2.3678360633E-03  -2.6104579281E-03  -4.3490994684E-04
    2     -6.8421788146E-03  -1.7013509361E-03  -4.0980904929E-03   4.7199767409E-03  -4.4397731797E-03
    3     -8.2401496048E-04   1.1822470100E-04   3.3185539630E-03   1.8337494744E-03  -3.1965974335E-04
    4      1.5145658783E-03   9.5188579108E-04  -1.2508614817E-03  -3.4661484356E-03  -1.5157869450E-03
    5      1.5757834995E-03  -4.0483214734E-05  -8.3724138967E-04  -3.5862853981E-03  -7.7586185071E-04
    6     -1.2871455831E-03  -1.3325686390E-04  -3.6050130257E-03   2.2371004232E-03  -2.7326539425E-04
    7     -2.4991029542E-04  -8.6958908811E-04   2.9959287531E-03   1.0546069022E-04   2.2266578222E-03
    8      1.8787803090E-04  -1.4318381086E-03   2.3489888522E-03  -3.3176708585E-04   2.5899003386E-03
    9     -2.2154921608E-01  -1.7405285391E-01  -1.4306747750E-01   7.3631244296E-02   2.0437391142E-01
   10      5.1491319089E-01  -3.0500774419E-02   9.6793042241E-02  -8.4252363344E-02  -1.2267188721E-01
   11     -3.0500774419E-02   3.8321978728E-01   1.8274663437E-01  -7.6106182004E-02  -3.0360378765E-01
   12      9.6793042241E-02   1.8274663437E-01   1.5534096250E-01  -9.9102416888E-02  -1.9292216525E-01
   13     -8.4252363344E-02  -7.6106182004E-02  -9.9102416888E-02   1.0859656329E-01   1.1036482932E-01
   14     -1.2267188721E-01  -3.0360378765E-01  -1.9292216525E-01   1.1036482932E-01   2.9832826587E-01
   15      1.2057264820E-01  -1.4133564998E-02  -6.8622325179E-03   2.6354462846E-02  -9.1271058020E-03
   16     -4.3048127189E-01   1.1127589808E-01   2.9265142411E-03  -1.8373054277E-02   1.2041891434E-02
   17      1.5825495063E-01  -7.6442327373E-02   1.2767178086E-02  -3.5071366045E-02   7.9012564761E-03
                   15                 16                 17        
     0     -8.9398620267E-04  -2.0056877147E-04   8.0870321016E-04
     1     -2.3176446869E-04   2.8107612572E-04  -3.3329424240E-04
     2      8.4589348846E-04  -4.0954046472E-04  -1.9057648101E-03
     3      1.1586378326E-04   3.8784726277E-05  -4.9414341488E-06
     4     -5.9167775410E-05  -2.4543327149E-05   1.5004977344E-04
     5      9.8581379888E-05   2.1477920011E-04   2.6517146310E-04
     6      3.0525317057E-04   2.5502076264E-05  -8.7749714422E-05
     7      9.3804920485E-05   9.7689631062E-06   1.5465072202E-04
     8     -1.7037417796E-04   4.7352739469E-05   4.4582697896E-05
     9     -5.0005987858E-02   1.4392120795E-01  -3.5961349816E-02
    10      1.2057264820E-01  -4.3048127189E-01   1.5825495063E-01
    11     -1.4133564998E-02   1.1127589808E-01  -7.6442327373E-02
    12     -6.8622325179E-03   2.9265142411E-03   1.2767178086E-02
    13      2.6354462846E-02  -1.8373054277E-02  -3.5071366045E-02
    14     -9.1271058020E-03   1.2041891434E-02   7.9012564761E-03
    15      5.7341089625E-02  -1.4672071197E-01   2.2482364889E-02
    16     -1.4672071197E-01   4.4858802441E-01  -1.2316268591E-01
    17      2.2482364889E-02  -1.2316268591E-01   7.0137081546E-02

$vibrational_frequencies
18
    0        0.0000000000000000
    1        0.0000000000000000
    2        0.0000000000000000
    3        0.0000000000000000
    4        0.0000000000000000
    5        0.0000000000000000
    6      -69.6400333946871370
    7      131.9373247440975945
    8      181.0461728241297692
    9      216.0102295591800328
   10      427.1768765051838272
   11      683.0268077678781538
   12     1630.9350252244080366
   13     1667.8007674995092202
   14     3676.6361608322558823
   15     3779.2191969443738344
   16     3851.9563675816134491
   17     3871.4539742891197420

$normal_modes
18 18
                    0                  1                  2                  3                  4        
    0      0.0000000000E+00   0.0000000000E+00   0.0000000000E+00   0.0000000000E+00   0.0000000000E+00
    1      0.0000000000E+00   0.0000000000E+00   0.0000000000E+00   0.0000000000E+00   0.0000000000E+00
    2      0.0000000000E+00   0.0000000000E+00   0.0000000000E+00   0.0000000000E+00   0.0000000000E+00
    3      0.0000000000E+00   0.0000000000E+00   0.0000000000E+00   0.0000000000E+00   0.0000000000E+00
    4      0.0000000000E+00   0.0000000000E+00   0.0000000000E+00   0.0000000000E+00   0.0000000000E+00
    5      0.0000000000E+00   0.0000000000E+00   0.0000000000E+00   0.0000000000E+00   0.0000000000E+00
    6      0.0000000000E+00   0.0000000000E+00   0.0000000000E+00   0.0000000000E+00   0.0000000000E+00
    7      0.0000000000E+00   0.0000000000E+00   0.0000000000E+00   0.0000000000E+00   0.0000000000E+00
    8      0.0000000000E+00   0.0000000000E+00   0.0000000000E+00   0.0000000000E+00   0.0000000000E+00
    9      0.0000000000E+00   0.0000000000E+00   0.0000000000E+00   0.0000000000E+00   0.0000000000E+00
   10      0.0000000000E+00   0.0000000000E+00   0.0000000000E+00   0.0000000000E+00   0.0000000000E+00
   11      0.0000000000E+00   0.0000000000E+00   0.0000000000E+00   0.0000000000E+00   0.0000000000E+00
   12      0.0000000000E+00   0.0000000000E+00   0.0000000000E+00   0.0000000000E+00   0.0000000000E+00
   13      0.0000000000E+00   0.0000000000E+00   0.0000000000E+00   0.0000000000E+00   0.0000000000E+00
   14      0.0000000000E+00   0.0000000000E+00   0.0000000000E+00   0.0000000000E+00   0.0000000000E+00
   15      0.0000000000E+00   0.0000000000E+00   0.0000000000E+00   0.0000000000E+00   0.0000000000E+00
   16      0.0000000000E+00   0.0000000000E+00   0.0000000000E+00   0.0000000000E+00   0.0000000000E+00
   17      0.0000000000E+00   0.0000000000E+00   0.0000000000E+00   0.0000000000E+00   0.0000000000E+00
                    5                  6                  7                  8                  9        
    0      0.0000000000E+00   1.8370657327E-02   8.0920199475E-03   4.9387867143E-03   2.2024836009E-01
    1      0.0000000000E+00   8.5326885890E-03  -1.1921270527E-02   3.0771229261E-04  -1.8235040642E-01
    2      0.0000000000E+00   9.4172697505E-03  -5.4929642627E-03  -2.0844538696E-05  -2.7326326593E-01
    3      0.0000000000E+00  -3.9397443425E-01   2.9837008123E-01   1.0481833844E-01  -8.8615795659E-02
    4      0.0000000000E+00   2.8052842755E-01  -1.9122510500E-01  -4.8161844894E-02   8.3665896196E-03
    5      0.0000000000E+00   1.5240327352E-01  -4.3018696707E-01  -5.3016609328E-01   2.0290417035E-01
    6      0.0000000000E+00   1.3293914041E-01   3.1291276209E-01  -3.4961127379E-01  -9.0653520045E-02
    7      0.0000000000E+00  -3.9928205837E-01  -1.8654577774E-01  -7.0377170311E-02  -1.3695634969E-03
    8      0.0000000000E+00  -2.8283200670E-01  -4.3761826617E-01   3.9722307077E-01   1.6758995532E-01
    9      0.0000000000E+00   5.1887491214E-03  -5.9177507231E-02   5.2940545818E-02  -1.7426658586E-01
   10      0.0000000000E+00   2.4110373236E-03   5.7065028926E-02   2.6769446184E-02   1.4215680550E-01
   11      0.0000000000E+00   2.4494240058E-03   6.4502576305E-02   2.9266098918E-02   2.1356089281E-01
   12      0.0000000000E+00   3.4643220357E-01   1.4993419518E-02  -1.6598985372E-01  -2.2036322952E-01
   13      0.0000000000E+00   1.5893580426E-01  -3.3864823175E-01  -7.6878871652E-02   4.3780159823E-01
   14      0.0000000000E+00   1.7296331588E-01   2.8390429364E-01  -7.8827550663E-02   5.5215228959E-02
   15      0.0000000000E+00  -4.5933236980E-01   1.8455380764E-01  -5.0787935497E-01  -3.3019127013E-01
   16      0.0000000000E+00  -2.1388125168E-01  -1.0369367566E-04  -2.3435141718E-01   1.9315516651E-01
   17      0.0000000000E+00  -2.3088302854E-01  -3.5270102773E-01  -2.5241080066E-01   5.2188813304E-01
                   10                 11                 12                 13                 14        
    0     -2.1013704694E-02  -2.9654821799E-02   1.1960096826E-02   1.1717440814E-03   7.7847744665E-04
    1     -1.2240098742E-02  -1.3605684534E-02  -6.1112852510E-02   3.0740245324E-03  -4.9300967940E-03
    2      5.3685197299E-02  -1.4686343353E-02   3.1646707118E-02  -5.2229105849E-03   2.8750998502E-03
    3      2.3694252018E-01   2.2724585035E-01  -4.5025718298E-01  -2.3092306292E-03   4.4669775996E-02
    4     -1.6977240265E-01  -1.8013049564E-01   3.2281359357E-01   3.3328336034E-04   6.1011024060E-02
    5     -3.3021524779E-01  -1.6499991114E-01  -4.3627227862E-01   3.2461347111E-02   2.4868874289E-03
    6      2.4617107136E-01  -1.3911426363E-01   2.6582276676E-01  -2.1891537727E-02  -5.6132477112E-02
    7     -1.6822758566E-01   2.1807138212E-01   6.4825431801E-01  -8.1398029823E-03   1.4924090140E-02
    8     -3.2832388272E-01   2.0540396552E-01  -7.7727556396E-02   2.3109670560E-02  -4.7833098349E-02
    9      1.2924079571E-02  -2.4070441339E-02  -2.2629741979E-05   1.2666102230E-02   2.7389511843E-02
   10      1.8317834323E-03  -1.1089317831E-02   1.0604806448E-03   3.3688639440E-02  -7.1999378876E-03
   11     -2.7560570395E-02  -1.1773010049E-02  -8.9355728036E-04  -5.6918711196E-02  -4.8341153976E-02
   12     -6.5860339503E-02   7.2817800727E-01   4.8491275842E-03   1.1904182779E-01  -5.2302542130E-01
   13      4.2715217629E-01   3.3744588338E-01  -2.0355077401E-02  -6.5003539911E-01   3.5110005154E-01
   14     -2.6479535586E-01   3.6258142743E-01   8.9704896439E-03   3.6788139737E-01   7.2396970897E-01
   15     -2.8885452948E-01   3.6419061710E-02  -9.8864731531E-03  -3.1447568556E-01   8.7405125737E-02
   16      7.6048840426E-02   1.6572895649E-02   2.4398418797E-03   7.4344040865E-02  -2.3450696646E-01
   17      5.0868378613E-01   1.6978005367E-02   1.6914618938E-02   5.6286088543E-01   4.3014795563E-02
                   15                 16                 17        
     0      7.2845153463E-03  -2.8529949318E-04   5.7870618264E-02
     1     -4.3365503057E-02   1.7832555043E-03   2.6041893288E-02
     2      2.3903579535E-02  -8.6275550662E-04   2.9095273705E-02
     3      4.1961113506E-01  -1.7391054589E-02  -3.9037422164E-01
     4      5.6513414215E-01  -2.3347330278E-02  -5.8217157972E-01
     5      4.8971891319E-02  -2.4101693726E-03  -2.0204475525E-02
     6     -5.3661559689E-01   2.1504069465E-02  -5.2885559664E-01
     7      1.2557041142E-01  -4.7154244615E-03   1.6851085150E-01
     8     -4.2775460815E-01   1.6683376961E-02  -4.4194640348E-01
     9     -1.8417533707E-03   2.5879935302E-02  -1.2843006601E-05
    10     -1.5749800883E-03  -5.9610673444E-02   6.6555540124E-05
    11      5.1670191705E-03   3.5898837400E-03   2.1110101134E-05
    12      5.1249178981E-02  -1.2742594783E-01   8.8447711656E-04
    13     -3.7482508860E-02   5.8844763097E-02   9.0402015857E-05
    14     -6.8110865988E-02   2.0129849134E-01  -1.0893415466E-04
    15     -2.0632364822E-02  -2.8292573600E-01   2.5354718231E-05
    16      6.0074373782E-02   8.8705614603E-01  -8.2359522127E-04
    17     -1.4515651999E-02  -2.5885674318E-01   1.2387614415E-04

#
# The atoms: label  mass x y z (in bohrs)
#
$atoms
6
 O     15.99900     -1.484783728568     1.201978694423     1.866839776478
 H      1.00800     -0.463943451201     2.720164498773     1.917742445444
 H      1.00800     -2.847237442448     1.635996328983     0.724752814873
 O     15.99900      1.530851202044    -1.251895887811    -1.915309549426
 H      1.00800      0.538183651943    -0.641821665280    -0.488954487769
 H      1.00800      2.041813205853    -2.922052280518    -1.384227382274

$actual_temperature
  0.000000

$frequency_scale_factor
  1.000000

$dipole_derivatives
18
   -5.6815048090E-01    9.7771825428E-02    1.7059820979E-01
    9.3801826900E-02   -4.4521483491E-01   -1.8019842372E-01
    1.7385259477E-01   -1.8796632527E-01   -6.1402690983E-01
    2.8450233724E-01   -2.8423013124E-02   -1.9492358873E-02
   -6.4367049821E-02    2.0016888616E-01    4.4582170347E-02
   -1.6532058153E-02    7.0501839009E-02    3.3251389560E-01
    2.9305028729E-01   -4.6953340435E-03   -7.5050102491E-02
    3.5745316342E-02    2.5458616282E-01    6.7233766498E-02
   -8.1807744547E-02    5.0262479083E-02    2.6945552636E-01
   -7.0493729400E-01    1.0418718308E-02   -4.2838469734E-03
   -1.8083288418E-02   -5.0300942777E-01   -1.5066987596E-01
    2.1878662507E-02   -2.0787362443E-01   -5.5332792753E-01
    3.8546548830E-01   -1.0960505111E-01   -8.9855247631E-02
   -1.0798505700E-01    3.5890505823E-01    1.5416600539E-01
   -9.0875578300E-02    1.5724579549E-01    3.2728723123E-01
    3.0998353926E-01    3.4469906491E-02    1.8059635341E-02
    6.0821191424E-02    1.3436097339E-01    6.4869176372E-02
   -6.5568649259E-03    1.1777409722E-01    2.3811296026E-01

#
# The IR spectrum
#  wavenumber eps Int TX TY TZ
#
$ir_spectrum
18
      0.00   0.00000000   0.00000000     0.000000     0.000000     0.000000
      0.00   0.00000000   0.00000000     0.000000     0.000000     0.000000
      0.00   0.00000000   0.00000000     0.000000     0.000000     0.000000
      0.00   0.00000000   0.00000000     0.000000     0.000000     0.000000
      0.00   0.00000000   0.00000000     0.000000     0.000000     0.000000
      0.00   0.00000000   0.00000000     0.000000     0.000000     0.000000
    -69.64   0.00000000   0.00000000     0.000000     0.000000     0.000000
    131.94   0.05805078 293.36483463     0.209748    -0.185291    -0.242852
    181.05   0.03320541 167.80655098    -0.197128    -0.092072    -0.099491
    216.01   0.01814161  91.68027260    -0.088113     0.079405     0.110180
    427.18   0.00522110  26.38530423     0.018641     0.019133    -0.055683
    683.03   0.02152255 108.76613195     0.082280     0.037800     0.040428
   1630.94   0.01191781  60.22770468    -0.007586     0.041420    -0.022520
   1667.80   0.00957985  48.41264037    -0.006570    -0.023200     0.034800
   3676.64   0.05826488 294.44681788    -0.039440     0.037640     0.044420
   3779.22   0.00321426  16.24354284    -0.001338     0.013418    -0.009143
   3851.96   0.00914743  46.22737927    -0.014657     0.020497     0.010302
   3871.45   0.01157880  58.51453072    -0.025321    -0.011431    -0.012708


$end

